Opened
Sent|1678209415.3682308|[1, 0, 0]
Internal|1678209415.5411022|[2, 0, 0]
Internal|1678209415.71171|[3, 0, 0]
Received 1|2|1||1678209415.8829079|0|[4, 3, 2]
Internal|1678209416.053036|[5, 3, 2]
Internal|1678209416.220175|[6, 3, 2]
Received 1|5|1||1678209416.389618|0|[7, 6, 3]
Sent|1678209416.561707|[8, 6, 3]
Received 1|7|1||1678209416.7335858|0|[9, 8, 4]
Internal|1678209416.903559|[10, 8, 4]
Received 1|10|1||1678209417.075378|1|[11, 11, 5]
Received 1|9|1||1678209417.245152|0|[12, 12, 6]
Internal|1678209417.417089|[13, 12, 6]
Internal|1678209417.586349|[14, 12, 6]
Received 1|13|1||1678209417.7556522|0|[15, 14, 7]
Internal|1678209417.92442|[16, 14, 7]
Internal|1678209418.0963762|[17, 14, 7]
Internal|1678209418.268298|[18, 14, 7]
Internal|1678209418.44012|[19, 14, 7]
Internal|1678209418.611776|[20, 14, 7]
Internal|1678209418.7826061|[21, 14, 7]
Received 1|20|1||1678209418.953946|0|[22, 21, 8]
Internal|1678209419.121175|[23, 21, 8]
Sent|1678209419.28898|[24, 21, 8]
Sent|1678209419.461022|[25, 21, 8]
Sent|1678209419.631454|[26, 21, 8]
Internal|1678209419.79874|[27, 21, 8]
Internal|1678209419.966458|[28, 21, 8]
Internal|1678209420.137829|[29, 21, 8]
Internal|1678209420.309708|[30, 21, 8]
