Opened
Internal|0.205|[0, 1, 0]
Sent|0.411|[0, 2, 0]
Received 2|0|0||0.612|0|[3, 3, 1]
Internal|0.818|[3, 4, 1]
Internal|1.023|[3, 5, 1]
Received 6|0|0||1.228|0|[7, 6, 2]
Received 7|0|0||1.431|0|[8, 7, 3]
Received 8|0|0||1.633|0|[9, 8, 4]
Received 9|0|0||1.835|0|[10, 9, 5]
Internal|2.037|[10, 10, 5]
Sent|2.239|[10, 11, 5]
Internal|2.443|[10, 12, 5]
Sent|2.649|[10, 13, 5]
Internal|2.854|[10, 14, 5]
Internal|3.059|[10, 15, 5]
Received 18|13|7||3.26|0|[19, 16, 8]
Received 19|13|7||3.461|0|[20, 17, 9]
Internal|3.666|[20, 18, 9]
Sent|3.87|[20, 19, 9]
Received 22|13|7||4.076|0|[23, 20, 10]
Received 24|13|7||4.278|0|[25, 21, 11]
Sent|4.483|[25, 22, 11]
Internal|4.688|[25, 23, 11]
Internal|4.894|[25, 24, 11]
Internal|5.098|[25, 25, 11]
Internal|5.302|[25, 26, 11]
Internal|5.506|[25, 27, 11]
Internal|5.711|[25, 28, 11]
Sent|5.916|[25, 29, 11]
Internal|6.12|[25, 30, 11]
Internal|6.321|[25, 31, 11]
Received 37|29|12||6.523|0|[38, 32, 13]
Internal|6.728|[38, 33, 13]
Received 39|29|12||6.932|0|[40, 34, 14]
Internal|7.135|[40, 35, 14]
Received 42|29|12||7.341|0|[43, 36, 15]
Internal|7.545|[43, 37, 15]
Received 44|29|12||7.751|0|[45, 38, 16]
Received 45|29|12||7.955|0|[46, 39, 17]
Sent|8.16|[46, 40, 17]
Internal|8.363|[46, 41, 17]
Received 49|40|18||8.568|0|[50, 42, 19]
Internal|8.774|[50, 43, 19]
Internal|8.979|[50, 44, 19]
Sent|9.184|[50, 45, 19]
Internal|9.385|[50, 46, 19]
Sent|9.588|[50, 47, 19]
Internal|9.794|[50, 48, 19]
Sent|9.999|[50, 49, 19]
Internal|10.2|[50, 50, 19]
Received 59|49|21||10.405|0|[60, 51, 22]
Internal|10.61|[60, 52, 22]
Internal|10.814|[60, 53, 22]
Internal|11.019|[60, 54, 22]
Sent|11.222|[60, 55, 22]
Sent|11.427|[60, 56, 22]
Internal|11.629|[60, 57, 22]
Internal|11.83|[60, 58, 22]
Received 69|56|24||12.032|0|[70, 59, 25]
Sent|12.239|[70, 60, 25]
Internal|12.445|[70, 61, 25]
Received 72|60|26||12.65|0|[73, 62, 27]
Internal|12.855|[73, 63, 27]
Internal|13.06|[73, 64, 27]
Internal|13.262|[73, 65, 27]
Internal|13.468|[73, 66, 27]
Internal|13.673|[73, 67, 27]
Internal|13.878|[73, 68, 27]
Internal|14.083|[73, 69, 27]
Internal|14.289|[73, 70, 27]
Received 83|60|26||14.49|0|[84, 71, 28]
Internal|14.696|[84, 72, 28]
Sent|14.897|[84, 73, 28]
Sent|15.102|[84, 74, 28]
Internal|15.308|[84, 75, 28]
Sent|15.511|[84, 76, 28]
Internal|15.712|[84, 77, 28]
Internal|15.914|[84, 78, 28]
Internal|16.12|[84, 79, 28]
Sent|16.325|[84, 80, 28]
Internal|16.527|[84, 81, 28]
Internal|16.729|[84, 82, 28]
Received 98|80|31||16.931|0|[99, 83, 32]
Sent|17.136|[99, 84, 32]
Sent|17.34|[99, 85, 32]
Received 101|80|31||17.544|0|[102, 86, 33]
Sent|17.745|[102, 87, 33]
Internal|17.95|[102, 88, 33]
Sent|18.154|[102, 89, 33]
Internal|18.36|[102, 90, 33]
Internal|18.565|[102, 91, 33]
Received 108|89|35||18.766|0|[109, 92, 36]
Internal|18.971|[109, 93, 36]
Internal|19.172|[109, 94, 36]
Internal|19.377|[109, 95, 36]
Received 113|89|35||19.578|0|[114, 96, 37]
Internal|19.784|[114, 97, 37]
Internal|19.989|[114, 98, 37]
Received 117|89|35||20.194|0|[118, 99, 38]
Sent|20.4|[118, 100, 38]
Internal|20.601|[118, 101, 38]
Internal|20.805|[118, 102, 38]
Internal|21.01|[118, 103, 38]
Internal|21.215|[118, 104, 38]
Internal|21.421|[118, 105, 38]
Received 125|100|39||21.626|0|[126, 106, 40]
Received 126|100|39||21.828|0|[127, 107, 41]
Sent|22.03|[127, 108, 41]
Received 129|100|39||22.235|0|[130, 109, 42]
Sent|22.436|[130, 110, 42]
Sent|22.642|[130, 111, 42]
Internal|22.845|[130, 112, 42]
Sent|23.051|[130, 113, 42]
Internal|23.255|[130, 114, 42]
Sent|23.46|[130, 115, 42]
Internal|23.665|[130, 116, 42]
Internal|23.869|[130, 117, 42]
Internal|24.071|[130, 118, 42]
Internal|24.272|[130, 119, 42]
Received 142|115|45||24.477|0|[143, 120, 46]
Sent|24.679|[143, 121, 46]
Internal|24.882|[143, 122, 46]
Sent|25.087|[143, 123, 46]
Sent|25.288|[143, 124, 46]
Internal|25.493|[143, 125, 46]
Sent|25.699|[143, 126, 46]
Internal|25.901|[143, 127, 46]
Sent|26.102|[143, 128, 46]
Internal|26.307|[143, 129, 46]
Internal|26.513|[143, 130, 46]
Internal|26.718|[143, 131, 46]
Sent|26.922|[143, 132, 46]
Sent|27.127|[143, 133, 46]
Internal|27.331|[143, 134, 46]
Received 160|133|52||27.535|0|[161, 135, 53]
Internal|27.737|[161, 136, 53]
Internal|27.938|[161, 137, 53]
Sent|28.143|[161, 138, 53]
Sent|28.347|[161, 139, 53]
Sent|28.552|[161, 140, 53]
Internal|28.758|[161, 141, 53]
Received 168|140|56||28.963|0|[169, 142, 57]
Internal|29.163|[169, 143, 57]
Received 171|140|56||29.369|0|[172, 144, 58]
Internal|29.574|[172, 145, 58]
Received 173|140|56||29.777|0|[174, 146, 59]
Received 174|140|56||29.983|0|[175, 147, 60]
Internal|30.184|[175, 148, 60]
Internal|30.388|[175, 149, 60]
Sent|30.593|[175, 150, 60]
Internal|30.795|[175, 151, 60]
Internal|30.995|[175, 152, 60]
Internal|31.201|[175, 153, 60]
Received 183|140|56||31.401|0|[184, 154, 61]
Internal|31.605|[184, 155, 61]
Sent|31.808|[184, 156, 61]
Sent|32.013|[184, 157, 61]
Internal|32.218|[184, 158, 61]
Internal|32.423|[184, 159, 61]
Sent|32.629|[184, 160, 61]
Sent|32.83|[184, 161, 61]
Internal|33.031|[184, 162, 61]
Received 193|161|65||33.232|0|[194, 163, 66]
Received 194|161|65||33.437|0|[195, 164, 67]
Internal|33.641|[195, 165, 67]
Received 197|161|65||33.845|0|[198, 166, 68]
Internal|34.048|[198, 167, 68]
Sent|34.25|[198, 168, 68]
Internal|34.451|[198, 169, 68]
Internal|34.654|[198, 170, 68]
Received 203|168|69||34.859|0|[204, 171, 70]
Received 204|168|69||35.065|0|[205, 172, 71]
Sent|35.27|[205, 173, 71]
Received 206|168|69||35.472|0|[207, 174, 72]
Internal|35.673|[207, 175, 72]
Internal|35.878|[207, 176, 72]
Internal|36.08|[207, 177, 72]
Internal|36.285|[207, 178, 72]
Internal|36.489|[207, 179, 72]
Internal|36.694|[207, 180, 72]
Internal|36.899|[207, 181, 72]
Received 216|168|69||37.104|0|[217, 182, 73]
Internal|37.306|[217, 183, 73]
Sent|37.511|[217, 184, 73]
Sent|37.714|[217, 185, 73]
Internal|37.919|[217, 186, 73]
Internal|38.124|[217, 187, 73]
Sent|38.329|[217, 188, 73]
Internal|38.53|[217, 189, 73]
Sent|38.734|[217, 190, 73]
Internal|38.938|[217, 191, 73]
Internal|39.141|[217, 192, 73]
Internal|39.344|[217, 193, 73]
Received 230|190|75||39.545|0|[231, 194, 76]
Sent|39.75|[231, 195, 76]
Received 233|190|75||39.955|0|[234, 196, 77]
Internal|40.157|[234, 197, 77]
Sent|40.361|[234, 198, 77]
Internal|40.562|[234, 199, 77]
Internal|40.762|[234, 200, 77]
Received 239|198|78||40.964|0|[240, 201, 79]
Sent|41.165|[240, 202, 79]
Sent|41.367|[240, 203, 79]
Internal|41.572|[240, 204, 79]
Sent|41.777|[240, 205, 79]
Internal|41.978|[240, 206, 79]
Sent|42.183|[240, 207, 79]
Sent|42.385|[240, 208, 79]
Internal|42.59|[240, 209, 79]
Received 250|208|81||42.794|0|[251, 210, 82]
Received 251|208|81||42.996|0|[252, 211, 83]
Internal|43.202|[252, 212, 83]
Received 253|208|81||43.405|0|[254, 213, 84]
Received 254|208|81||43.61|0|[255, 214, 85]
Internal|43.811|[255, 215, 85]
Internal|44.012|[255, 216, 85]
Internal|44.212|[255, 217, 85]
Sent|44.418|[255, 218, 85]
Sent|44.623|[255, 219, 85]
Internal|44.825|[255, 220, 85]
Internal|45.03|[255, 221, 85]
Internal|45.232|[255, 222, 85]
Sent|45.435|[255, 223, 85]
Sent|45.637|[255, 224, 85]
Internal|45.84|[255, 225, 85]
Internal|46.044|[255, 226, 85]
Received 270|224|88||46.245|0|[271, 227, 89]
Sent|46.45|[271, 228, 89]
Internal|46.655|[271, 229, 89]
Internal|46.859|[271, 230, 89]
Internal|47.06|[271, 231, 89]
Internal|47.266|[271, 232, 89]
Sent|47.471|[271, 233, 89]
Internal|47.675|[271, 234, 89]
Sent|47.88|[271, 235, 89]
Sent|48.085|[271, 236, 89]
Received 282|235|91||48.287|0|[283, 237, 92]
Internal|48.49|[283, 238, 92]
Internal|48.696|[283, 239, 92]
Received 286|235|91||48.896|0|[287, 240, 93]
Internal|49.101|[287, 241, 93]
Sent|49.302|[287, 242, 93]
Internal|49.505|[287, 243, 93]
Sent|49.706|[287, 244, 93]
Internal|49.911|[287, 245, 93]
Received 293|244|95||50.114|0|[294, 246, 96]
Sent|50.319|[294, 247, 96]
Internal|50.522|[294, 248, 96]
Received 296|247|97||50.722|0|[297, 249, 98]
Received 297|247|97||50.927|0|[298, 250, 99]
Received 299|247|97||51.129|0|[300, 251, 100]
Received 300|247|97||51.335|0|[301, 252, 101]
Received 301|247|97||51.54|0|[302, 253, 102]
Internal|51.744|[302, 254, 102]
Received 303|247|97||51.945|0|[304, 255, 103]
Internal|52.146|[304, 256, 103]
Received 306|247|97||52.35|0|[307, 257, 104]
Internal|52.552|[307, 258, 104]
Internal|52.758|[307, 259, 104]
Internal|52.961|[307, 260, 104]
Internal|53.163|[307, 261, 104]
Internal|53.368|[307, 262, 104]
Internal|53.57|[307, 263, 104]
Sent|53.774|[307, 264, 104]
Internal|53.977|[307, 265, 104]
Sent|54.178|[307, 266, 104]
Internal|54.379|[307, 267, 104]
Internal|54.58|[307, 268, 104]
Received 320|266|106||54.785|0|[321, 269, 107]
Internal|54.989|[321, 270, 107]
Internal|55.194|[321, 271, 107]
Sent|55.398|[321, 272, 107]
Internal|55.601|[321, 273, 107]
Sent|55.806|[321, 274, 107]
Internal|56.01|[321, 275, 107]
Received 329|272|108||56.21|0|[330, 276, 109]
Internal|56.412|[330, 277, 109]
Internal|56.613|[330, 278, 109]
Sent|56.816|[330, 279, 109]
Internal|57.021|[330, 280, 109]
Received 335|279|110||57.225|0|[336, 281, 111]
Received 336|279|110||57.425|0|[337, 282, 112]
Internal|57.631|[337, 283, 112]
Internal|57.835|[337, 284, 112]
Sent|58.041|[337, 285, 112]
Internal|58.243|[337, 286, 112]
Internal|58.447|[337, 287, 112]
Internal|58.652|[337, 288, 112]
Internal|58.852|[337, 289, 112]
Internal|59.058|[337, 290, 112]
Received 346|285|113||59.26|0|[347, 291, 114]
Received 348|285|113||59.465|0|[349, 292, 115]
Internal|59.669|[349, 293, 115]
Received 350|285|113||59.873|0|[351, 294, 116]
Received 351|285|113||60.078|0|[352, 295, 117]
