Opened
Received 0|1|0||1.005|0|[1, 2, 1]
Internal|2.009|[1, 2, 2]
Received 10|12|5||3.014|2|[11, 13, 6]
Received 22|13|7||4.019|4|[23, 14, 8]
Received 25|21|11||5.025|4|[26, 22, 12]
Received 20|18|9||6.029|3|[27, 23, 13]
Received 37|29|12||7.034|3|[38, 30, 14]
Received 45|29|12||8.039|4|[46, 31, 15]
Received 46|39|17||9.042|4|[47, 40, 18]
Received 50|48|19||10.045|6|[51, 49, 20]
Received 50|46|19||11.045|5|[52, 50, 21]
Received 60|54|22||12.051|5|[61, 55, 23]
Received 75|60|26||13.056|7|[76, 61, 27]
Received 73|60|26||14.058|6|[77, 62, 28]
Received 84|72|28||15.059|6|[85, 73, 29]
Received 91|74|30||16.064|7|[92, 75, 31]
Received 98|80|31||17.068|9|[99, 81, 32]
Received 105|87|34||18.074|13|[106, 88, 35]
Received 109|89|35||19.079|14|[110, 90, 36]
Received 113|89|35||20.084|15|[114, 91, 37]
Received 118|99|38||21.085|15|[119, 100, 39]
Received 127|107|41||22.09|17|[128, 108, 42]
Received 130|112|42||23.092|21|[131, 113, 43]
Received 140|115|45||24.098|22|[141, 116, 46]
Received 130|114|42||25.103|21|[142, 117, 47]
Received 143|127|46||26.107|24|[144, 128, 48]
Received 143|132|46||27.109|24|[145, 133, 49]
Received 160|133|52||28.114|24|[161, 134, 53]
Received 168|140|56||29.119|26|[169, 141, 57]
Received 171|140|56||30.121|26|[172, 142, 58]
Received 179|140|56||31.125|27|[180, 143, 59]
Received 184|156|61||32.125|28|[185, 157, 62]
Received 193|161|65||33.131|29|[194, 162, 66]
Received 199|161|65||34.136|30|[200, 163, 67]
Received 205|168|69||35.137|32|[206, 169, 70]
Received 205|172|71||36.14|32|[207, 173, 72]
Received 215|168|69||37.142|32|[216, 174, 73]
Received 217|184|73||38.147|33|[218, 185, 74]
Received 226|184|74||39.15|34|[227, 186, 75]
Received 231|194|76||40.154|34|[232, 195, 77]
Received 240|201|79||41.154|35|[241, 202, 80]
Received 246|198|78||42.156|38|[247, 203, 81]
Received 240|204|79||43.159|37|[248, 205, 82]
Received 253|208|81||44.164|37|[254, 209, 83]
Received 264|218|86||45.168|38|[265, 219, 87]
Received 255|223|85||46.172|39|[266, 224, 88]
Received 271|227|89||47.173|39|[272, 228, 90]
Received 271|235|89||48.176|39|[273, 236, 91]
Received 255|222|85||49.181|38|[274, 237, 92]
Received 287|243|93||50.187|39|[288, 244, 94]
Received 299|247|97||51.192|41|[300, 248, 98]
Received 303|247|97||52.197|41|[304, 249, 99]
Received 307|247|97||53.202|42|[308, 250, 100]
Received 307|265|104||54.205|43|[309, 266, 105]
Received 320|266|106||55.206|44|[321, 267, 107]
Received 329|272|108||56.208|46|[330, 273, 109]
Received 321|273|107||57.213|45|[331, 274, 110]
Received 337|279|110||58.217|46|[338, 280, 111]
Received 346|285|113||59.221|47|[347, 286, 114]
Received 348|285|113||60.225|47|[349, 287, 115]
